date,time,_updated,last,bid,ask,bid_sz,ask_sz,volume,symbol,conid
20260331,09:30:03,20260331-09:27:58,92.24,,,,,,UPRO,61228752
20260331,09:31:07,20260331-09:30:59,92.24,92.24,92.28,60000.0,200000.0,57204466833.0,UPRO,61228752
20260331,09:32:06,20260331-09:31:59,92.28,92.3,92.34,10000.0,280000.0,57347966833.0,UPRO,61228752
20260331,09:33:07,20260331-09:32:59,92.34,92.25,92.28,50000.0,150000.0,57399466833.0,UPRO,61228752
20260331,09:34:03,20260331-09:33:58,92.34,92.41,92.44,10000.0,90000.0,57427966833.0,UPRO,61228752
20260331,09:35:03,20260331-09:34:59,92.4,92.39,92.43,10000.0,130000.0,57457266833.0,UPRO,61228752
20260331,09:36:02,20260331-09:35:59,92.44,92.31,92.35,180000.0,50000.0,58690466833.0,UPRO,61228752
20260331,09:37:04,20260331-09:36:59,92.3,92.33,92.37,50000.0,50000.0,58727366833.0,UPRO,61228752
20260331,09:38:05,20260331-09:38:04,92.41,92.33,92.37,30000.0,350000.0,58804466833.0,UPRO,61228752
20260331,09:39:03,20260331-09:38:59,92.29,92.26,92.3,60000.0,280000.0,58832266833.0,UPRO,61228752
20260331,09:40:03,20260331-09:40:00,92.25,92.27,92.33,70000.0,40000.0,58942066833.0,UPRO,61228752
20260331,09:41:04,20260331-09:40:55,92.22,92.21,92.22,20000.0,6370000.0,59599966833.0,UPRO,61228752
20260331,09:42:05,20260331-09:41:59,92.2,92.2,92.23,90000.0,50000.0,70573966833.0,UPRO,61228752
20260331,09:43:05,20260331-09:42:59,92.17,92.13,92.16,90000.0,50000.0,70629266833.0,UPRO,61228752
20260331,09:44:06,20260331-09:44:05,92.26,92.2,92.22,60000.0,50000.0,70660866833.0,UPRO,61228752
20260331,09:45:03,20260331-09:45:01,92.22,92.21,92.24,150000.0,190000.0,770894751224.0,UPRO,61228752
20260331,09:46:02,20260331-09:46:02,92.5,92.46,92.5,70000.0,60000.0,83356837606.0,UPRO,61228752
20260331,09:47:04,20260331-09:46:59,92.39,92.36,92.41,120000.0,560000.0,856693934685.0,UPRO,61228752
20260331,09:48:04,20260331-09:48:01,92.0,91.99,92.01,10000.0,40000.0,902775070056.0,UPRO,61228752
20260331,09:49:05,20260331-09:49:05,92.22,92.3,92.32,10000.0,30000.0,922028641515.0,UPRO,61228752
20260331,09:50:07,20260331-09:50:04,92.55,92.53,92.56,160000.0,100000.0,931580683731.0,UPRO,61228752
20260331,09:51:01,20260331-09:50:59,92.39,92.3,92.33,100000.0,70000.0,948469029572.0,UPRO,61228752
20260331,09:52:02,20260331-09:51:59,92.31,92.3,92.33,50000.0,270000.0,957752670858.0,UPRO,61228752
20260331,09:53:04,20260331-09:53:03,92.37,92.35,92.39,330000.0,20000.0,985978369665.0,UPRO,61228752
20260331,09:54:07,20260331-09:54:06,92.35,92.35,92.38,30000.0,20000.0,992280944214.0,UPRO,61228752
20260331,09:55:03,20260331-09:54:59,92.6,92.58,92.62,20000.0,90000.0,997637720747.0,UPRO,61228752
20260331,09:56:06,20260331-09:55:59,92.67,92.66,92.69,10000.0,40000.0,1008850385684.0,UPRO,61228752
20260331,09:57:00,20260331-09:56:59,92.65,92.6,92.64,10000.0,20000.0,1031883236542.0,UPRO,61228752
20260331,09:58:03,20260331-09:58:00,92.71,92.73,92.75,20000.0,60000.0,1046255446604.0,UPRO,61228752
20260331,09:59:05,20260331-09:58:59,92.61,92.61,92.64,20000.0,290000.0,1056941075954.0,UPRO,61228752
20260331,10:00:05,20260331-10:00:00,92.31,92.32,92.36,290000.0,20000.0,1069988958819.0,UPRO,61228752
20260331,10:01:03,20260331-10:00:59,92.77,92.72,92.76,10000.0,120000.0,1115238626715.0,UPRO,61228752
20260331,10:02:02,20260331-10:02:02,92.94,92.91,92.94,160000.0,10000.0,1131799577965.0,UPRO,61228752
20260331,10:03:01,20260331-10:02:59,92.97,92.96,92.99,20000.0,190000.0,1155239028414.0,UPRO,61228752
20260331,10:04:05,20260331-10:04:05,93.06,93.01,93.03,60000.0,20000.0,117835510783.0,UPRO,61228752
20260331,10:05:08,20260331-10:05:00,93.37,93.41,93.45,90000.0,30000.0,121550556387.0,UPRO,61228752
20260331,10:06:03,20260331-10:06:01,93.28,93.28,93.3,10000.0,40000.0,1252985082919.0,UPRO,61228752
20260331,10:07:01,20260331-10:07:01,93.35,93.37,93.4,10000.0,250000.0,1266495628087.0,UPRO,61228752
20260331,10:08:04,20260331-10:08:00,93.32,93.33,93.36,70000.0,40000.0,12791446349.0,UPRO,61228752
20260331,10:09:01,20260331-10:08:59,93.56,93.54,93.56,110000.0,10000.0,1290860047301.0,UPRO,61228752
20260331,10:10:02,20260331-10:09:59,93.65,93.64,93.67,20000.0,90000.0,1317536041076.0,UPRO,61228752
20260331,10:11:03,20260331-10:10:59,93.59,93.59,93.62,50000.0,80000.0,1353566619189.0,UPRO,61228752
20260331,10:12:03,20260331-10:12:02,93.4,93.4,93.44,250000.0,70000.0,139072361678.0,UPRO,61228752
20260331,10:13:03,20260331-10:12:59,93.35,93.35,93.37,10000.0,30000.0,1396241093016.0,UPRO,61228752
20260331,10:14:03,20260331-10:13:59,93.62,93.64,93.68,250000.0,60000.0,1403103189298.0,UPRO,61228752
20260331,10:15:04,20260331-10:15:00,93.78,93.76,93.8,20000.0,20000.0,1415228817184.0,UPRO,61228752
20260331,10:16:06,20260331-10:16:05,93.82,93.81,93.84,30000.0,10000.0,1423699084797.0,UPRO,61228752
20260331,10:17:03,20260331-10:16:59,93.81,93.8,93.83,90000.0,90000.0,1639588544391.0,UPRO,61228752
20260331,10:18:04,20260331-10:17:59,93.75,93.77,93.79,10000.0,60000.0,1682321819484.0,UPRO,61228752
20260331,10:19:06,20260331-10:18:59,93.55,93.58,93.61,20000.0,200000.0,1688875443702.0,UPRO,61228752
20260331,10:20:05,20260331-10:19:59,93.69,93.65,93.67,20000.0,40000.0,1696963310978.0,UPRO,61228752
20260331,10:21:05,20260331-10:21:00,93.41,93.39,93.43,360000.0,120000.0,1709367802521.0,UPRO,61228752
20260331,10:22:02,20260331-10:21:59,93.43,93.4,93.43,20000.0,490000.0,172179789845.0,UPRO,61228752
20260331,10:23:03,20260331-10:22:59,93.29,93.28,93.31,200000.0,10000.0,1739478980757.0,UPRO,61228752
20260331,10:24:04,20260331-10:23:59,93.23,93.23,93.26,10000.0,370000.0,1757018872566.0,UPRO,61228752
20260331,10:25:04,20260331-10:24:59,93.16,93.15,93.18,40000.0,60000.0,1761913098349.0,UPRO,61228752
20260331,10:26:06,20260331-10:25:59,93.23,93.21,93.24,110000.0,80000.0,1768660485063.0,UPRO,61228752
20260331,10:27:01,20260331-10:26:59,93.4,93.37,93.39,20000.0,10000.0,1776699525704.0,UPRO,61228752
20260331,10:28:04,20260331-10:27:59,93.27,93.22,93.25,30000.0,330000.0,1782828753861.0,UPRO,61228752
20260331,10:29:05,20260331-10:28:59,93.27,93.23,93.25,30000.0,30000.0,1792431708237.0,UPRO,61228752
20260331,10:30:02,20260331-10:29:59,93.28,93.27,93.3,140000.0,250000.0,1794349348678.0,UPRO,61228752
20260331,10:31:05,20260331-10:30:59,93.31,93.3,93.33,70000.0,60000.0,180186259501.0,UPRO,61228752
20260331,10:32:04,20260331-10:31:59,93.23,93.21,93.24,40000.0,100000.0,1809189178225.0,UPRO,61228752
20260331,10:33:06,20260331-10:32:59,93.38,93.37,93.4,50000.0,150000.0,1812667084063.0,UPRO,61228752
20260331,10:34:05,20260331-10:34:00,93.58,93.58,93.61,60000.0,70000.0,1822316082958.0,UPRO,61228752
20260331,10:35:01,20260331-10:34:59,93.5,93.47,93.5,190000.0,20000.0,183601290677.0,UPRO,61228752
20260331,10:36:06,20260331-10:36:05,93.18,93.27,93.3,80000.0,10000.0,1840104141642.0,UPRO,61228752
20260331,10:37:05,20260331-10:36:59,93.32,93.3,93.33,80000.0,110000.0,1850783522808.0,UPRO,61228752
20260331,10:38:06,20260331-10:37:59,93.36,93.34,93.37,20000.0,120000.0,1855047252988.0,UPRO,61228752
20260331,10:39:04,20260331-10:38:59,93.54,93.53,93.56,20000.0,120000.0,1858695822431.0,UPRO,61228752
20260331,10:40:06,20260331-10:39:59,93.58,93.57,93.59,20000.0,40000.0,1863053269882.0,UPRO,61228752
20260331,10:41:01,20260331-10:40:59,93.49,93.48,93.51,30000.0,110000.0,1867829609717.0,UPRO,61228752
20260331,10:42:04,20260331-10:41:59,93.61,93.6,93.63,40000.0,150000.0,1871533217884.0,UPRO,61228752
20260331,10:43:04,20260331-10:42:59,93.6,93.58,93.6,40000.0,40000.0,1879402226928.0,UPRO,61228752
20260331,10:44:01,20260331-10:43:59,93.68,93.69,93.72,80000.0,120000.0,1886584452612.0,UPRO,61228752
20260331,10:45:02,20260331-10:44:59,93.7,93.7,93.73,140000.0,80000.0,1892826682688.0,UPRO,61228752
20260331,10:46:05,20260331-10:45:59,93.63,93.63,93.65,10000.0,20000.0,1899607231075.0,UPRO,61228752
20260331,10:47:07,20260331-10:46:59,93.53,93.52,93.54,10000.0,80000.0,1907036346775.0,UPRO,61228752
20260331,10:48:03,20260331-10:47:59,93.55,93.56,93.58,10000.0,20000.0,1915393737814.0,UPRO,61228752
20260331,10:49:05,20260331-10:49:00,93.78,93.73,93.76,30000.0,60000.0,1922804042222.0,UPRO,61228752
20260331,10:50:01,20260331-10:49:59,93.61,93.61,93.63,30000.0,10000.0,1936398415775.0,UPRO,61228752
20260331,10:51:02,20260331-10:50:59,93.47,93.47,93.49,10000.0,10000.0,1939838825541.0,UPRO,61228752
20260331,10:52:03,20260331-10:51:59,93.29,93.27,93.3,30000.0,310000.0,1952186468874.0,UPRO,61228752
20260331,10:53:06,20260331-10:52:59,93.1,93.12,93.15,180000.0,20000.0,1972063397433.0,UPRO,61228752
20260331,10:54:04,20260331-10:54:02,93.16,93.07,93.11,80000.0,400000.0,1982735731089.0,UPRO,61228752
20260331,10:55:06,20260331-10:54:59,93.11,93.1,93.13,80000.0,20000.0,1995770824888.0,UPRO,61228752
20260331,10:56:07,20260331-10:55:59,93.1,93.07,93.11,40000.0,270000.0,2016225149812.0,UPRO,61228752
20260331,10:57:01,20260331-10:56:59,93.04,93.02,93.04,10000.0,20000.0,2021636639147.0,UPRO,61228752
20260331,10:58:05,20260331-10:57:59,92.94,92.9,92.94,70000.0,390000.0,2046190532229.0,UPRO,61228752
20260331,10:59:04,20260331-10:59:02,92.79,92.73,92.75,70000.0,10000.0,2053835709509.0,UPRO,61228752
20260331,11:00:03,20260331-11:00:01,92.75,92.75,92.77,150000.0,30000.0,207878411536.0,UPRO,61228752
20260331,11:01:03,20260331-11:01:01,92.68,92.63,92.65,80000.0,20000.0,2124667120097.0,UPRO,61228752
20260331,11:02:06,20260331-11:01:59,92.81,92.77,92.8,80000.0,90000.0,2133268448403.0,UPRO,61228752
20260331,11:03:04,20260331-11:03:00,92.61,92.61,92.63,50000.0,20000.0,2138831255164.0,UPRO,61228752
20260331,11:04:05,20260331-11:03:59,92.44,92.46,92.48,90000.0,20000.0,2148382778387.0,UPRO,61228752
20260331,11:05:06,20260331-11:05:00,92.42,92.39,92.41,130000.0,280000.0,2159583019644.0,UPRO,61228752
20260331,11:06:02,20260331-11:06:00,92.29,92.29,92.31,10000.0,10000.0,2168280573552.0,UPRO,61228752
20260331,11:07:06,20260331-11:06:59,92.21,92.16,92.19,100000.0,50000.0,2173539835748.0,UPRO,61228752
20260331,11:08:02,20260331-11:07:59,92.14,92.14,92.17,20000.0,160000.0,2178375262544.0,UPRO,61228752
20260331,11:09:02,20260331-11:08:59,92.13,92.07,92.1,430000.0,110000.0,2186921334039.0,UPRO,61228752
20260331,11:10:05,20260331-11:10:03,92.0,92.07,92.1,330000.0,100000.0,2191388082958.0,UPRO,61228752
20260331,11:11:06,20260331-11:11:05,91.87,91.87,91.88,20000.0,10000.0,2198766930068.0,UPRO,61228752
20260331,11:12:04,20260331-11:11:59,91.91,91.9,91.93,20000.0,60000.0,2214111954387.0,UPRO,61228752
20260331,11:13:06,20260331-11:13:06,91.9,91.82,91.85,30000.0,230000.0,2238303581544.0,UPRO,61228752
20260331,11:14:03,20260331-11:13:59,92.04,92.04,92.07,210000.0,280000.0,2244222675781.0,UPRO,61228752
20260331,11:15:05,20260331-11:14:59,92.11,92.09,92.11,20000.0,90000.0,2250123494182.0,UPRO,61228752
20260331,11:16:05,20260331-11:15:59,92.29,92.28,92.31,20000.0,160000.0,2269309059601.0,UPRO,61228752
20260331,11:17:06,20260331-11:16:59,92.47,92.45,92.48,110000.0,30000.0,2279253212489.0,UPRO,61228752
20260331,11:18:04,20260331-11:17:59,92.64,92.63,92.67,390000.0,240000.0,2295627981069.0,UPRO,61228752
20260331,11:19:04,20260331-11:18:59,92.63,92.6,92.63,300000.0,20000.0,2312130583074.0,UPRO,61228752
20260331,11:20:05,20260331-11:19:59,92.65,92.64,92.66,10000.0,40000.0,2316539637386.0,UPRO,61228752
20260331,11:21:07,20260331-11:20:59,92.83,92.81,92.84,30000.0,100000.0,2325469709127.0,UPRO,61228752
20260331,11:22:00,20260331-11:21:59,93.08,93.06,93.1,230000.0,160000.0,2336483760018.0,UPRO,61228752
20260331,11:23:02,20260331-11:23:00,93.03,93.04,93.07,20000.0,50000.0,2341121877423.0,UPRO,61228752
20260331,11:24:04,20260331-11:23:59,92.94,92.94,92.97,370000.0,130000.0,2353990998046.0,UPRO,61228752
20260331,11:25:02,20260331-11:24:59,92.91,92.89,92.92,80000.0,20000.0,2356997548065.0,UPRO,61228752
20260331,11:26:03,20260331-11:25:59,92.87,92.9,92.93,230000.0,20000.0,2367737154529.0,UPRO,61228752
20260331,11:27:05,20260331-11:27:00,93.04,93.05,93.08,10000.0,290000.0,2376545969628.0,UPRO,61228752
20260331,11:28:01,20260331-11:28:00,93.2,93.13,93.15,10000.0,10000.0,2381528034187.0,UPRO,61228752
20260331,11:29:01,20260331-11:28:59,93.37,93.33,93.36,70000.0,90000.0,2386795426957.0,UPRO,61228752
20260331,11:30:02,20260331-11:29:59,93.46,93.47,93.5,190000.0,230000.0,2391563046591.0,UPRO,61228752
20260331,11:31:03,20260331-11:30:59,93.47,93.48,93.5,20000.0,140000.0,2401385915091.0,UPRO,61228752
20260331,11:32:04,20260331-11:31:59,93.4,93.43,93.46,330000.0,40000.0,2411675329662.0,UPRO,61228752
20260331,11:33:06,20260331-11:33:05,93.55,93.49,93.52,10000.0,320000.0,2417813134931.0,UPRO,61228752
20260331,11:34:01,20260331-11:33:59,93.51,93.5,93.53,90000.0,40000.0,2420387254278.0,UPRO,61228752
20260331,11:35:04,20260331-11:34:59,93.37,93.39,93.41,40000.0,20000.0,2422692424366.0,UPRO,61228752
20260331,11:36:02,20260331-11:35:59,93.2,93.15,93.17,20000.0,10000.0,2429067572401.0,UPRO,61228752
20260331,11:37:04,20260331-11:36:59,93.12,93.08,93.11,10000.0,20000.0,2432093740821.0,UPRO,61228752
20260331,11:38:02,20260331-11:37:59,93.15,93.15,93.18,40000.0,80000.0,2435509170949.0,UPRO,61228752
20260331,11:39:07,20260331-11:38:59,93.25,93.24,93.27,100000.0,20000.0,2437003925719.0,UPRO,61228752
20260331,11:40:07,20260331-11:40:01,93.33,93.37,93.41,590000.0,100000.0,2437902672359.0,UPRO,61228752
20260331,11:41:03,20260331-11:41:03,93.34,93.34,93.36,20000.0,10000.0,2438841916912.0,UPRO,61228752
20260331,11:42:04,20260331-11:41:59,92.97,92.97,93.0,80000.0,80000.0,2442975281192.0,UPRO,61228752
20260331,11:43:05,20260331-11:42:59,92.97,92.99,93.02,70000.0,300000.0,2452438954766.0,UPRO,61228752
20260331,11:44:03,20260331-11:44:02,93.13,93.09,93.13,30000.0,420000.0,2453571223683.0,UPRO,61228752
20260331,11:45:06,20260331-11:45:06,92.91,92.94,92.96,10000.0,10000.0,2458711095847.0,UPRO,61228752
20260331,11:46:06,20260331-11:45:59,92.83,92.78,92.81,300000.0,10000.0,2467922828154.0,UPRO,61228752
20260331,11:47:05,20260331-11:46:59,92.83,92.78,92.8,20000.0,70000.0,2471267834534.0,UPRO,61228752
20260331,11:48:05,20260331-11:48:03,92.73,92.62,92.65,20000.0,170000.0,2478087503747.0,UPRO,61228752
20260331,11:49:01,20260331-11:48:59,92.67,92.66,92.7,90000.0,190000.0,2483802749691.0,UPRO,61228752
20260331,11:50:03,20260331-11:49:59,92.93,92.94,92.97,20000.0,50000.0,2486487048371.0,UPRO,61228752
20260331,11:51:03,20260331-11:50:59,93.07,93.07,93.1,20000.0,10000.0,248915343907.0,UPRO,61228752
20260331,11:52:01,20260331-11:51:59,93.05,93.13,93.16,20000.0,170000.0,2491694061016.0,UPRO,61228752
20260331,11:53:04,20260331-11:52:59,93.06,93.1,93.13,30000.0,20000.0,2495251087732.0,UPRO,61228752
20260331,11:54:04,20260331-11:53:59,93.1,93.09,93.11,20000.0,10000.0,2501040124648.0,UPRO,61228752
20260331,11:55:01,20260331-11:54:59,93.02,93.04,93.07,140000.0,10000.0,2504492364204.0,UPRO,61228752
20260331,11:56:06,20260331-11:55:59,93.03,92.98,93.01,90000.0,40000.0,2506269260596.0,UPRO,61228752
20260331,11:57:01,20260331-11:56:59,93.03,93.03,93.05,10000.0,10000.0,2507490198361.0,UPRO,61228752
20260331,11:58:02,20260331-11:57:59,93.01,93.0,93.03,20000.0,40000.0,2514171219849.0,UPRO,61228752
20260331,11:59:05,20260331-11:58:59,93.0,92.95,92.99,470000.0,200000.0,2524856022898.0,UPRO,61228752
20260331,12:00:03,20260331-12:00:02,92.89,92.97,93.0,20000.0,90000.0,2528972089218.0,UPRO,61228752
20260331,12:01:04,20260331-12:01:01,92.84,92.81,92.85,240000.0,80000.0,2535338211916.0,UPRO,61228752
20260331,12:02:06,20260331-12:01:59,92.82,92.8,92.83,60000.0,40000.0,2542029483816.0,UPRO,61228752
20260331,12:03:00,20260331-12:03:00,92.75,92.71,92.74,30000.0,120000.0,2545315383366.0,UPRO,61228752
20260331,12:04:02,20260331-12:03:59,92.79,92.75,92.77,30000.0,10000.0,2547662539784.0,UPRO,61228752
20260331,12:05:05,20260331-12:05:01,92.82,92.82,92.85,40000.0,110000.0,2552900688489.0,UPRO,61228752
20260331,12:06:07,20260331-12:06:03,92.89,92.87,92.9,50000.0,20000.0,2554827722735.0,UPRO,61228752
20260331,12:07:04,20260331-12:06:59,93.09,93.04,93.08,10000.0,330000.0,2557749725128.0,UPRO,61228752
20260331,12:08:05,20260331-12:08:01,93.11,93.11,93.14,10000.0,60000.0,2562479816641.0,UPRO,61228752
20260331,12:09:02,20260331-12:09:02,93.0,93.02,93.05,40000.0,30000.0,2563037495641.0,UPRO,61228752
20260331,12:10:06,20260331-12:10:05,93.0,92.91,92.94,90000.0,20000.0,2570691171649.0,UPRO,61228752
20260331,12:11:02,20260331-12:10:59,92.79,92.82,92.86,400000.0,20000.0,2571669311944.0,UPRO,61228752
20260331,12:12:05,20260331-12:12:01,92.68,92.61,92.64,20000.0,110000.0,2576427345654.0,UPRO,61228752
20260331,12:13:05,20260331-12:12:57,92.66,92.62,92.65,20000.0,20000.0,2580346172084.0,UPRO,61228752
20260331,12:14:04,20260331-12:13:59,92.64,92.63,92.65,10000.0,30000.0,2583394310084.0,UPRO,61228752
20260331,12:15:01,20260331-12:14:59,92.54,92.55,92.58,100000.0,130000.0,25893034045.0,UPRO,61228752
20260331,12:16:03,20260331-12:15:59,92.7,92.68,92.71,80000.0,10000.0,2607520457544.0,UPRO,61228752
20260331,12:17:06,20260331-12:16:59,93.0,92.97,93.0,20000.0,300000.0,2610553457544.0,UPRO,61228752
20260331,12:18:01,20260331-12:18:00,93.05,93.0,93.04,30000.0,240000.0,2622788192173.0,UPRO,61228752
20260331,12:19:02,20260331-12:18:59,93.01,92.9,92.93,80000.0,10000.0,2629491192173.0,UPRO,61228752
20260331,12:20:03,20260331-12:19:59,92.91,92.9,92.92,20000.0,10000.0,2630410044093.0,UPRO,61228752
20260331,12:21:03,20260331-12:20:59,93.01,93.02,93.04,20000.0,30000.0,2631283334632.0,UPRO,61228752
20260331,12:22:05,20260331-12:22:02,93.15,93.1,93.13,370000.0,40000.0,2633855512939.0,UPRO,61228752
20260331,12:23:07,20260331-12:23:03,93.34,93.31,93.34,320000.0,20000.0,2636325687173.0,UPRO,61228752
20260331,12:24:01,20260331-12:23:59,93.29,93.29,93.32,70000.0,30000.0,2640055118417.0,UPRO,61228752
20260331,12:25:05,20260331-12:25:01,93.24,93.23,93.25,40000.0,10000.0,2642189209384.0,UPRO,61228752
20260331,12:26:02,20260331-12:25:59,93.24,93.18,93.21,20000.0,290000.0,2643320960779.0,UPRO,61228752
20260331,12:27:06,20260331-12:26:59,92.98,92.97,93.0,50000.0,10000.0,2647647059739.0,UPRO,61228752
20260331,12:28:01,20260331-12:27:55,92.94,92.93,92.95,10000.0,20000.0,265025398308.0,UPRO,61228752
20260331,12:29:03,20260331-12:28:59,93.03,93.14,93.17,90000.0,20000.0,2651044326884.0,UPRO,61228752
20260331,12:30:04,20260331-12:29:59,93.24,93.18,93.21,40000.0,270000.0,2652660135844.0,UPRO,61228752
20260331,12:31:04,20260331-12:30:59,93.31,93.26,93.29,80000.0,40000.0,2659495372044.0,UPRO,61228752
20260331,12:32:07,20260331-12:31:59,93.4,93.36,93.39,70000.0,50000.0,2675034108044.0,UPRO,61228752
20260331,12:33:02,20260331-12:32:59,93.38,93.38,93.41,90000.0,100000.0,2676529249371.0,UPRO,61228752
20260331,12:34:04,20260331-12:33:59,93.36,93.32,93.34,30000.0,30000.0,2680905430906.0,UPRO,61228752
20260331,12:35:05,20260331-12:34:59,93.31,93.29,93.31,10000.0,90000.0,2686127004722.0,UPRO,61228752
20260331,12:36:04,20260331-12:35:59,93.27,93.32,93.35,30000.0,20000.0,2690780004722.0,UPRO,61228752
20260331,12:37:05,20260331-12:36:59,93.35,93.38,93.4,10000.0,40000.0,2695309074492.0,UPRO,61228752
20260331,12:38:07,20260331-12:38:02,93.3,93.26,93.29,460000.0,30000.0,2698031213995.0,UPRO,61228752
20260331,12:39:04,20260331-12:38:59,93.37,93.39,93.41,10000.0,60000.0,2698756430378.0,UPRO,61228752
20260331,12:40:06,20260331-12:40:02,93.67,93.68,93.7,30000.0,80000.0,2709061430378.0,UPRO,61228752
20260331,12:41:03,20260331-12:41:00,93.71,93.73,93.76,20000.0,20000.0,2720008832378.0,UPRO,61228752
20260331,12:42:04,20260331-12:41:59,93.56,93.54,93.57,50000.0,90000.0,2741248606378.0,UPRO,61228752
20260331,12:43:03,20260331-12:42:59,93.55,93.55,93.57,10000.0,70000.0,274379114068.0,UPRO,61228752
20260331,12:44:05,20260331-12:43:59,93.64,93.61,93.64,120000.0,100000.0,274596114068.0,UPRO,61228752
20260331,12:45:07,20260331-12:44:59,93.57,93.54,93.57,70000.0,110000.0,274657614068.0,UPRO,61228752
20260331,12:46:02,20260331-12:45:59,93.46,93.48,93.5,20000.0,20000.0,275079624743.0,UPRO,61228752
20260331,12:47:04,20260331-12:46:59,93.45,93.42,93.44,10000.0,20000.0,2751369679543.0,UPRO,61228752
20260331,12:48:04,20260331-12:47:59,93.44,93.42,93.45,120000.0,10000.0,2753185690244.0,UPRO,61228752
20260331,12:49:06,20260331-12:48:59,93.48,93.43,93.45,10000.0,30000.0,2757351700939.0,UPRO,61228752
20260331,12:50:06,20260331-12:49:59,93.5,93.49,93.5,10000.0,10000.0,2758441346259.0,UPRO,61228752
20260331,12:51:03,20260331-12:50:59,93.37,93.37,93.39,80000.0,20000.0,2760255346259.0,UPRO,61228752
20260331,12:52:03,20260331-12:51:59,93.59,93.58,93.6,20000.0,20000.0,2763084889078.0,UPRO,61228752
20260331,12:53:07,20260331-12:52:59,93.66,93.68,93.7,10000.0,10000.0,2771093610081.0,UPRO,61228752
20260331,12:54:03,20260331-12:54:02,94.19,94.16,94.2,270000.0,70000.0,2824716751703.0,UPRO,61228752
20260331,12:55:05,20260331-12:55:04,94.73,94.71,94.74,30000.0,150000.0,2898473913999.0,UPRO,61228752
20260331,12:56:05,20260331-12:55:59,95.37,95.35,95.39,10000.0,270000.0,2987040103999.0,UPRO,61228752
20260331,12:57:03,20260331-12:56:59,96.43,96.4,96.44,10000.0,80000.0,3056127997827.0,UPRO,61228752
20260331,12:58:03,20260331-12:57:59,96.33,96.33,96.37,110000.0,260000.0,3122191603963.0,UPRO,61228752
20260331,12:59:05,20260331-12:58:59,96.22,96.21,96.24,50000.0,10000.0,319872669773.0,UPRO,61228752
20260331,13:00:06,20260331-12:59:59,95.67,95.64,95.67,10000.0,20000.0,327059572751.0,UPRO,61228752
20260331,13:01:04,20260331-13:00:59,95.68,95.64,95.68,30000.0,50000.0,3342750708197.0,UPRO,61228752
20260331,13:02:05,20260331-13:01:59,95.27,95.25,95.29,10000.0,140000.0,3385063004884.0,UPRO,61228752
20260331,13:03:03,20260331-13:03:02,94.84,95.01,95.06,60000.0,380000.0,3412299358677.0,UPRO,61228752
20260331,13:04:05,20260331-13:03:59,94.92,94.88,94.92,150000.0,150000.0,3433632726546.0,UPRO,61228752
20260331,13:05:05,20260331-13:04:59,95.36,95.32,95.36,10000.0,270000.0,3451450726546.0,UPRO,61228752
20260331,13:06:06,20260331-13:06:00,95.64,95.65,95.69,40000.0,70000.0,3495748636483.0,UPRO,61228752
20260331,13:07:02,20260331-13:06:59,95.4,95.36,95.4,80000.0,20000.0,3515359455743.0,UPRO,61228752
20260331,13:08:04,20260331-13:07:59,95.05,95.04,95.08,200000.0,10000.0,3537128737453.0,UPRO,61228752
20260331,13:09:05,20260331-13:08:59,95.45,95.43,95.47,10000.0,240000.0,3548047789107.0,UPRO,61228752
20260331,13:10:03,20260331-13:09:59,95.35,95.3,95.34,20000.0,140000.0,3558516522319.0,UPRO,61228752
20260331,13:11:05,20260331-13:11:05,95.18,95.14,95.19,180000.0,90000.0,3570632637319.0,UPRO,61228752
20260331,13:12:05,20260331-13:11:59,95.24,95.16,95.2,60000.0,50000.0,3581440306759.0,UPRO,61228752
20260331,13:13:05,20260331-13:13:00,95.26,95.18,95.22,210000.0,10000.0,3594491685058.0,UPRO,61228752
20260331,13:14:01,20260331-13:13:59,95.4,95.4,95.44,200000.0,50000.0,3605443447248.0,UPRO,61228752
20260331,13:15:03,20260331-13:14:59,95.47,95.45,95.49,150000.0,110000.0,3613883481798.0,UPRO,61228752
20260331,13:16:04,20260331-13:15:59,95.7,95.69,95.73,130000.0,10000.0,3621495732378.0,UPRO,61228752
20260331,13:17:06,20260331-13:17:05,95.79,95.77,95.82,420000.0,160000.0,3630342692376.0,UPRO,61228752
20260331,13:18:04,20260331-13:17:59,96.06,96.01,96.06,240000.0,460000.0,3666034807111.0,UPRO,61228752
20260331,13:19:04,20260331-13:18:59,96.12,96.1,96.14,70000.0,20000.0,3673955737111.0,UPRO,61228752
20260331,13:20:01,20260331-13:19:59,96.08,96.05,96.09,50000.0,20000.0,3689557993689.0,UPRO,61228752
20260331,13:21:04,20260331-13:21:00,95.76,95.74,95.78,60000.0,20000.0,3713745082571.0,UPRO,61228752
20260331,13:22:04,20260331-13:21:59,95.61,95.6,95.63,80000.0,10000.0,3719882893466.0,UPRO,61228752
20260331,13:23:06,20260331-13:22:59,95.77,95.76,95.8,30000.0,40000.0,3728389893466.0,UPRO,61228752
20260331,13:24:02,20260331-13:23:59,95.84,95.83,95.88,80000.0,60000.0,3739729849466.0,UPRO,61228752
20260331,13:25:03,20260331-13:24:59,95.36,95.39,95.43,10000.0,10000.0,3761002302466.0,UPRO,61228752
20260331,13:26:04,20260331-13:26:04,95.48,95.45,95.49,10000.0,330000.0,3772728909074.0,UPRO,61228752
20260331,13:27:02,20260331-13:26:59,95.69,95.67,95.7,20000.0,100000.0,3776940948753.0,UPRO,61228752
20260331,13:28:02,20260331-13:27:59,95.58,95.58,95.62,80000.0,20000.0,378412351222.0,UPRO,61228752
20260331,13:29:04,20260331-13:28:59,95.7,95.64,95.69,10000.0,360000.0,3787763045584.0,UPRO,61228752
20260331,13:30:06,20260331-13:30:02,95.85,95.82,95.86,20000.0,80000.0,3792209500514.0,UPRO,61228752
20260331,13:31:05,20260331-13:31:00,96.0,95.97,96.01,20000.0,130000.0,3799628504729.0,UPRO,61228752
20260331,13:32:05,20260331-13:31:59,95.96,95.95,95.98,20000.0,20000.0,3818571276384.0,UPRO,61228752
20260331,13:33:01,20260331-13:32:59,96.13,96.1,96.14,20000.0,60000.0,383336337247.0,UPRO,61228752
20260331,13:34:03,20260331-13:33:59,96.1,95.98,96.02,30000.0,20000.0,3838823267011.0,UPRO,61228752
20260331,13:35:07,20260331-13:34:59,96.16,96.15,96.19,80000.0,80000.0,3844185412456.0,UPRO,61228752
20260331,13:36:02,20260331-13:36:00,95.94,95.92,95.96,290000.0,20000.0,3851692741456.0,UPRO,61228752
20260331,13:37:03,20260331-13:36:59,95.96,95.95,95.98,10000.0,20000.0,3856778222236.0,UPRO,61228752
20260331,13:38:05,20260331-13:38:03,96.05,96.06,96.1,80000.0,10000.0,3865482144725.0,UPRO,61228752
20260331,13:39:03,20260331-13:38:59,96.05,96.05,96.09,20000.0,290000.0,3868778937314.0,UPRO,61228752
20260331,13:40:05,20260331-13:40:02,96.01,95.97,96.01,280000.0,20000.0,3874384448234.0,UPRO,61228752
20260331,13:41:03,20260331-13:41:02,95.71,95.73,95.77,140000.0,40000.0,3876631760604.0,UPRO,61228752
20260331,13:42:03,20260331-13:41:59,95.7,95.77,95.81,20000.0,110000.0,3881507116411.0,UPRO,61228752
20260331,13:43:01,20260331-13:42:59,95.58,95.58,95.61,10000.0,20000.0,3889072338151.0,UPRO,61228752
20260331,13:44:06,20260331-13:43:59,95.67,95.63,95.67,260000.0,10000.0,3893774257593.0,UPRO,61228752
20260331,13:45:03,20260331-13:45:02,95.7,95.61,95.64,10000.0,10000.0,3897919341052.0,UPRO,61228752
20260331,13:46:02,20260331-13:45:59,95.65,95.63,95.67,10000.0,180000.0,3905884563321.0,UPRO,61228752
20260331,13:47:01,20260331-13:47:00,95.82,95.81,95.84,20000.0,110000.0,3911798493561.0,UPRO,61228752
20260331,13:48:00,20260331-13:48:00,95.77,95.73,95.76,20000.0,10000.0,3918155458496.0,UPRO,61228752
20260331,13:49:02,20260331-13:49:00,95.94,95.93,95.98,320000.0,20000.0,3922346781935.0,UPRO,61228752
20260331,13:50:05,20260331-13:49:59,96.13,96.09,96.12,20000.0,60000.0,3925903117615.0,UPRO,61228752
20260331,13:51:05,20260331-13:50:59,96.2,96.08,96.11,30000.0,20000.0,3929804512355.0,UPRO,61228752
20260331,13:52:05,20260331-13:52:00,95.78,95.78,95.82,80000.0,10000.0,3970901932528.0,UPRO,61228752
20260331,13:53:04,20260331-13:52:59,95.47,95.47,95.51,70000.0,20000.0,3987023822088.0,UPRO,61228752
20260331,13:54:05,20260331-13:54:01,95.43,95.38,95.43,300000.0,250000.0,3993139898348.0,UPRO,61228752
20260331,13:55:07,20260331-13:55:05,95.55,95.54,95.58,80000.0,10000.0,4000859520679.0,UPRO,61228752
20260331,13:56:02,20260331-13:56:01,95.7,95.74,95.77,10000.0,70000.0,4007539244186.0,UPRO,61228752
20260331,13:57:04,20260331-13:56:59,95.6,95.55,95.59,190000.0,20000.0,4010491714634.0,UPRO,61228752
20260331,13:58:03,20260331-13:58:01,95.51,95.47,95.51,20000.0,70000.0,4015696808634.0,UPRO,61228752
20260331,13:59:00,20260331-13:58:59,95.56,95.5,95.53,30000.0,20000.0,4016618233634.0,UPRO,61228752
20260331,14:00:02,20260331-13:59:59,95.49,95.49,95.53,20000.0,80000.0,4020238341076.0,UPRO,61228752
20260331,14:01:06,20260331-14:00:59,95.53,95.5,95.54,30000.0,20000.0,4022760351549.0,UPRO,61228752
20260331,14:02:06,20260331-14:01:59,95.53,95.49,95.53,70000.0,20000.0,4024527020242.0,UPRO,61228752
20260331,14:03:01,20260331-14:03:00,95.72,95.68,95.72,220000.0,40000.0,4033049268858.0,UPRO,61228752
20260331,14:04:06,20260331-14:03:59,95.72,95.62,95.65,20000.0,50000.0,4036880181422.0,UPRO,61228752
20260331,14:05:02,20260331-14:04:59,95.66,95.67,95.7,110000.0,10000.0,4037474837869.0,UPRO,61228752
20260331,14:06:00,20260331-14:05:59,95.64,95.65,95.69,80000.0,30000.0,4038090466869.0,UPRO,61228752
20260331,14:07:03,20260331-14:07:00,95.7,95.66,95.7,10000.0,260000.0,4047149241977.0,UPRO,61228752
20260331,14:08:06,20260331-14:07:59,95.69,95.68,95.71,70000.0,20000.0,4048556468986.0,UPRO,61228752
20260331,14:09:01,20260331-14:08:59,95.68,95.66,95.69,20000.0,20000.0,4051543035644.0,UPRO,61228752
20260331,14:10:02,20260331-14:09:59,95.72,95.7,95.73,10000.0,190000.0,4053574754984.0,UPRO,61228752
20260331,14:11:04,20260331-14:11:01,95.46,95.44,95.48,220000.0,40000.0,4081709307085.0,UPRO,61228752
20260331,14:12:02,20260331-14:12:02,95.31,95.35,95.37,20000.0,10000.0,408593795872.0,UPRO,61228752
20260331,14:13:01,20260331-14:12:59,95.37,95.36,95.4,410000.0,210000.0,4090835181.0,UPRO,61228752
20260331,14:14:01,20260331-14:13:59,95.33,95.4,95.44,30000.0,320000.0,4098707567.0,UPRO,61228752
20260331,14:15:02,20260331-14:15:02,95.49,95.36,95.39,20000.0,140000.0,4105990952862.0,UPRO,61228752
20260331,14:16:03,20260331-14:15:59,95.58,95.52,95.56,80000.0,250000.0,4113857329704.0,UPRO,61228752
20260331,14:17:04,20260331-14:17:03,95.73,95.69,95.72,20000.0,60000.0,4115365775104.0,UPRO,61228752
20260331,14:18:03,20260331-14:17:59,95.74,95.68,95.71,20000.0,10000.0,4117724898477.0,UPRO,61228752
20260331,14:19:03,20260331-14:19:00,95.77,95.69,95.73,530000.0,20000.0,4123998403477.0,UPRO,61228752
20260331,14:20:06,20260331-14:19:59,95.64,95.61,95.64,30000.0,50000.0,4131780089477.0,UPRO,61228752
20260331,14:21:01,20260331-14:20:59,95.78,95.77,95.8,10000.0,120000.0,4139914884254.0,UPRO,61228752
20260331,14:22:03,20260331-14:21:59,95.68,95.65,95.68,10000.0,40000.0,4142734757254.0,UPRO,61228752
20260331,14:23:04,20260331-14:22:59,95.75,95.81,95.84,10000.0,100000.0,4145215965417.0,UPRO,61228752
20260331,14:24:07,20260331-14:24:00,95.82,95.82,95.85,40000.0,20000.0,4146787403417.0,UPRO,61228752
20260331,14:25:01,20260331-14:24:59,95.93,95.89,95.92,10000.0,120000.0,415436384812.0,UPRO,61228752
20260331,14:26:03,20260331-14:25:59,95.81,95.78,95.81,20000.0,150000.0,4157762941981.0,UPRO,61228752
20260331,14:27:04,20260331-14:26:59,95.69,95.7,95.72,10000.0,60000.0,4160273327932.0,UPRO,61228752
20260331,14:28:05,20260331-14:27:59,95.6,95.6,95.63,80000.0,10000.0,4161295797932.0,UPRO,61228752
20260331,14:29:04,20260331-14:28:59,95.71,95.7,95.72,20000.0,30000.0,4162911287502.0,UPRO,61228752
20260331,14:30:02,20260331-14:29:58,95.83,95.81,95.83,10000.0,10000.0,4164302806502.0,UPRO,61228752
20260331,14:31:02,20260331-14:30:59,95.86,95.83,95.87,150000.0,120000.0,4168822931908.0,UPRO,61228752
20260331,14:32:03,20260331-14:31:59,95.95,95.94,95.97,260000.0,20000.0,4171578533672.0,UPRO,61228752
20260331,14:33:05,20260331-14:33:00,96.03,95.99,96.03,60000.0,290000.0,4187000192672.0,UPRO,61228752
20260331,14:34:05,20260331-14:34:01,95.92,95.93,95.95,30000.0,10000.0,4189466371672.0,UPRO,61228752
20260331,14:35:04,20260331-14:34:59,95.96,95.96,95.98,30000.0,20000.0,4189953508672.0,UPRO,61228752
20260331,14:36:05,20260331-14:36:04,95.96,95.92,95.95,70000.0,70000.0,4191126567672.0,UPRO,61228752
20260331,14:37:02,20260331-14:36:59,95.87,95.86,95.89,130000.0,10000.0,4194662758772.0,UPRO,61228752
20260331,14:38:04,20260331-14:37:59,95.91,95.87,95.9,60000.0,10000.0,4197731019487.0,UPRO,61228752
20260331,14:39:03,20260331-14:38:59,95.84,95.81,95.83,60000.0,10000.0,4201052722863.0,UPRO,61228752
20260331,14:40:04,20260331-14:40:02,95.71,95.73,95.75,20000.0,30000.0,4231581904225.0,UPRO,61228752
20260331,14:41:01,20260331-14:40:59,95.7,95.66,95.69,590000.0,30000.0,4234073655623.0,UPRO,61228752
20260331,14:42:06,20260331-14:41:59,95.65,95.63,95.65,40000.0,20000.0,4239069920223.0,UPRO,61228752
20260331,14:43:02,20260331-14:42:59,95.76,95.76,95.79,60000.0,10000.0,4241891144223.0,UPRO,61228752
20260331,14:44:01,20260331-14:43:59,95.91,95.91,95.93,50000.0,10000.0,4273589935492.0,UPRO,61228752
20260331,14:45:07,20260331-14:44:59,95.94,95.91,95.94,10000.0,120000.0,4288272966771.0,UPRO,61228752
20260331,14:46:04,20260331-14:45:59,95.86,95.83,95.86,70000.0,20000.0,4314661758501.0,UPRO,61228752
20260331,14:47:05,20260331-14:47:02,95.77,95.73,95.77,450000.0,20000.0,4317539097854.0,UPRO,61228752
20260331,14:48:01,20260331-14:47:59,95.76,95.74,95.77,80000.0,20000.0,4321210097854.0,UPRO,61228752
20260331,14:49:01,20260331-14:48:59,95.8,95.84,95.87,30000.0,60000.0,4327902097854.0,UPRO,61228752
20260331,14:50:02,20260331-14:50:01,95.84,95.85,95.88,20000.0,60000.0,4330791916682.0,UPRO,61228752
20260331,14:51:05,20260331-14:51:02,96.05,96.05,96.08,20000.0,30000.0,4356704971078.0,UPRO,61228752
20260331,14:52:06,20260331-14:52:04,96.13,96.11,96.13,20000.0,10000.0,4359625506928.0,UPRO,61228752
20260331,14:53:02,20260331-14:52:59,96.22,96.23,96.26,30000.0,30000.0,4367065215642.0,UPRO,61228752
20260331,14:54:04,20260331-14:53:59,96.28,96.28,96.31,10000.0,340000.0,4368206241965.0,UPRO,61228752
20260331,14:55:05,20260331-14:54:59,96.22,96.16,96.18,20000.0,60000.0,4370335083965.0,UPRO,61228752
20260331,14:56:06,20260331-14:55:59,96.08,96.07,96.1,80000.0,10000.0,4374977933865.0,UPRO,61228752
20260331,14:57:02,20260331-14:56:59,96.07,96.02,96.04,10000.0,10000.0,4375830615935.0,UPRO,61228752
20260331,14:58:03,20260331-14:57:58,96.03,96.03,96.05,40000.0,10000.0,4377178604009.0,UPRO,61228752
20260331,14:59:07,20260331-14:58:59,95.95,95.95,95.96,10000.0,60000.0,4378865573465.0,UPRO,61228752
20260331,15:00:02,20260331-14:59:59,96.04,96.03,96.05,10000.0,10000.0,4383469935163.0,UPRO,61228752
20260331,15:01:03,20260331-15:00:59,96.23,96.21,96.23,10000.0,70000.0,4386904221085.0,UPRO,61228752
20260331,15:02:05,20260331-15:01:59,96.25,96.23,96.27,160000.0,180000.0,4389508886085.0,UPRO,61228752
20260331,15:03:02,20260331-15:03:00,96.26,96.24,96.27,60000.0,20000.0,4392438886085.0,UPRO,61228752
20260331,15:04:04,20260331-15:03:59,96.15,96.13,96.15,10000.0,70000.0,4393128886085.0,UPRO,61228752
20260331,15:05:06,20260331-15:05:05,96.25,96.16,96.19,270000.0,10000.0,4396363023085.0,UPRO,61228752
20260331,15:06:03,20260331-15:05:59,96.3,96.28,96.31,70000.0,20000.0,4407654166205.0,UPRO,61228752
20260331,15:07:04,20260331-15:06:59,96.38,96.35,96.37,60000.0,30000.0,4417972420791.0,UPRO,61228752
20260331,15:08:05,20260331-15:07:59,96.3,96.31,96.33,60000.0,10000.0,4419883362073.0,UPRO,61228752
20260331,15:09:06,20260331-15:08:59,96.33,96.3,96.33,100000.0,20000.0,4422064555463.0,UPRO,61228752
20260331,15:10:07,20260331-15:09:59,96.37,96.32,96.35,140000.0,30000.0,4422728454492.0,UPRO,61228752
20260331,15:11:07,20260331-15:11:04,96.34,96.32,96.35,20000.0,420000.0,4425030634042.0,UPRO,61228752
20260331,15:12:02,20260331-15:11:59,96.39,96.38,96.4,20000.0,310000.0,4425934211706.0,UPRO,61228752
20260331,15:13:02,20260331-15:13:00,96.35,96.28,96.3,30000.0,70000.0,4429551148666.0,UPRO,61228752
20260331,15:14:04,20260331-15:13:59,96.34,96.38,96.41,150000.0,70000.0,4433841709666.0,UPRO,61228752
20260331,15:15:06,20260331-15:14:59,96.34,96.31,96.34,10000.0,100000.0,444064127912.0,UPRO,61228752
20260331,15:16:02,20260331-15:15:59,96.4,96.43,96.45,20000.0,10000.0,4442119000707.0,UPRO,61228752
20260331,15:17:03,20260331-15:16:59,96.47,96.41,96.44,20000.0,20000.0,4450171284207.0,UPRO,61228752
20260331,15:18:02,20260331-15:17:59,96.5,96.45,96.48,60000.0,310000.0,4452986514057.0,UPRO,61228752
20260331,15:19:02,20260331-15:19:00,96.51,96.51,96.53,20000.0,320000.0,4459690238577.0,UPRO,61228752
20260331,15:20:05,20260331-15:19:59,96.42,96.44,96.46,20000.0,30000.0,4465654686417.0,UPRO,61228752
20260331,15:21:01,20260331-15:20:59,96.34,96.32,96.34,30000.0,210000.0,4486868927162.0,UPRO,61228752
20260331,15:22:02,20260331-15:21:59,96.28,96.28,96.3,20000.0,230000.0,4494319653442.0,UPRO,61228752
20260331,15:23:05,20260331-15:22:59,96.22,96.19,96.22,50000.0,160000.0,4498100578522.0,UPRO,61228752
20260331,15:24:06,20260331-15:24:02,96.07,96.05,96.08,320000.0,170000.0,4500484292586.0,UPRO,61228752
20260331,15:25:02,20260331-15:24:59,96.2,96.16,96.18,40000.0,30000.0,450390654492.0,UPRO,61228752
20260331,15:26:03,20260331-15:25:59,96.51,96.45,96.48,390000.0,70000.0,4522278737411.0,UPRO,61228752
20260331,15:27:01,20260331-15:27:00,96.49,96.47,96.49,90000.0,180000.0,4530696696842.0,UPRO,61228752
20260331,15:28:01,20260331-15:27:59,96.42,96.45,96.47,270000.0,10000.0,4535660266014.0,UPRO,61228752
20260331,15:29:04,20260331-15:29:04,96.46,96.47,96.49,20000.0,290000.0,4543525743054.0,UPRO,61228752
20260331,15:30:07,20260331-15:30:00,96.49,96.5,96.52,20000.0,140000.0,4550190743054.0,UPRO,61228752
20260331,15:31:05,20260331-15:31:03,96.64,96.66,96.69,190000.0,20000.0,4559150532196.0,UPRO,61228752
20260331,15:32:06,20260331-15:31:59,96.56,96.54,96.56,10000.0,270000.0,4568333270822.0,UPRO,61228752
20260331,15:33:06,20260331-15:32:59,96.51,96.5,96.52,40000.0,20000.0,4580473976426.0,UPRO,61228752
20260331,15:34:02,20260331-15:33:59,96.57,96.55,96.56,10000.0,60000.0,4586727976426.0,UPRO,61228752
20260331,15:35:03,20260331-15:34:59,96.62,96.57,96.6,10000.0,240000.0,4591327458826.0,UPRO,61228752
20260331,15:36:04,20260331-15:35:59,96.69,96.66,96.67,20000.0,30000.0,4610626304826.0,UPRO,61228752
20260331,15:37:06,20260331-15:36:59,96.7,96.68,96.7,10000.0,100000.0,4619696458751.0,UPRO,61228752
20260331,15:38:02,20260331-15:37:59,96.77,96.77,96.79,200000.0,10000.0,4631590841075.0,UPRO,61228752
20260331,15:39:04,20260331-15:38:59,96.78,96.76,96.79,110000.0,80000.0,4642841756894.0,UPRO,61228752
20260331,15:40:04,20260331-15:39:59,96.73,96.72,96.75,250000.0,290000.0,4654866537982.0,UPRO,61228752
20260331,15:41:05,20260331-15:40:59,96.71,96.68,96.71,40000.0,280000.0,4658986683473.0,UPRO,61228752
20260331,15:42:01,20260331-15:41:59,96.61,96.59,96.62,90000.0,80000.0,4686657319983.0,UPRO,61228752
20260331,15:43:02,20260331-15:42:59,96.61,96.58,96.6,70000.0,20000.0,4689994088983.0,UPRO,61228752
20260331,15:44:04,20260331-15:43:59,96.69,96.67,96.69,20000.0,220000.0,4692510540805.0,UPRO,61228752
20260331,15:45:04,20260331-15:44:59,96.62,96.63,96.65,30000.0,20000.0,4696396776805.0,UPRO,61228752
20260331,15:46:02,20260331-15:45:59,96.86,96.87,96.89,70000.0,60000.0,4700440866995.0,UPRO,61228752
20260331,15:47:01,20260331-15:46:59,96.79,96.75,96.78,310000.0,70000.0,4710886253152.0,UPRO,61228752
20260331,15:48:07,20260331-15:47:59,96.81,96.76,96.79,90000.0,120000.0,4721045253152.0,UPRO,61228752
20260331,15:49:04,20260331-15:48:59,96.81,96.8,96.83,40000.0,180000.0,472829708214.0,UPRO,61228752
20260331,15:50:04,20260331-15:49:59,96.78,96.76,96.78,50000.0,120000.0,473307008214.0,UPRO,61228752
20260331,15:51:07,20260331-15:50:59,96.91,96.89,96.91,10000.0,140000.0,4746631980079.0,UPRO,61228752
20260331,15:52:02,20260331-15:51:59,96.94,96.93,96.95,170000.0,70000.0,4768424640035.0,UPRO,61228752
20260331,15:53:03,20260331-15:52:59,97.03,97.02,97.04,330000.0,20000.0,4776827640035.0,UPRO,61228752
20260331,15:54:05,20260331-15:54:04,97.05,97.05,97.07,20000.0,40000.0,4782058005827.0,UPRO,61228752
20260331,15:55:02,20260331-15:54:59,97.1,97.07,97.09,20000.0,60000.0,4784155005827.0,UPRO,61228752
20260331,15:56:03,20260331-15:55:59,97.07,97.06,97.09,40000.0,270000.0,4793406884051.0,UPRO,61228752
20260331,15:57:03,20260331-15:57:02,96.94,96.95,96.97,190000.0,70000.0,4796022547043.0,UPRO,61228752
20260331,15:58:02,20260331-15:58:00,96.95,96.91,96.93,70000.0,250000.0,4813660695057.0,UPRO,61228752
20260331,15:59:04,20260331-15:58:59,96.83,96.84,96.86,20000.0,20000.0,4822284401476.0,UPRO,61228752
